0000100001107310006205820230627
0000200002444940008474620231226
0000300003812450006649820230110
0000400004772330009563320230924
0000500005814580008331920230501
0000600006295000002318820230430
0000700007124010006593020230618
0000800008988570004460520230331
0000900009824500009721420231011
0001000010535430008646920230326
0001100011513130001633720230814
0001200012150940009743120231115
0001300013145450003190820231018
0001400014110240008682120231009
0001500015864080001024020230513
0001600016366740006736220230213
0001700017970090008867720230216
0001800018780780008556120230224
0001900019818670003905520230206
0002000020795750000730520231228
0002100021725270005137820230506
0002200022239540008409120231213
0002300023142610002277920230104
0002400024740890009808120231125
0002500025677340006867620230728
0002600026712950007730620230810
0002700027271270009357720230427
0002800028659150008225820230801
0002900029293920008278720230403
0003000030385750007255920231201
0003100031328410008982620230802
0003200032565040007712820231218
0003300033659850009315120230709
0003400034301880003831120230904
0003500035787880009950820230103
0003600036133600000940420230416
0003700037724110005732120230212
0003800038517120001130020231011
0003900039847300001701520231031
0004000040406710005236820230430
0004100041432830006701020230529
0004200042862800006212120231031
0004300043243050008504620230524
0004400044260010004576720230121
0004500045605260007070220231104
0004600046261570003963420231214
0004700047605770000302120230309
0004800048227620008123220231223
0004900049391380007320320230222
0005000050499040002278220231004
